1024,82023,19686,97489,16938,68815
3584,79576,85302,50835,84349,34874
7007,96575,36602,78200,95339,34724
1029,85632,20712,94128,65762,24276
2567,52751,31111,41972,88947,96180
8714,79569,98885,28781,15019,38539
6206,16115,95478,29195,27374,52928
5644,42984,27482,15048,88497,96575
5645,26936,94324,82016,81204,16842
7694,70658,25770,52825,27785,49438
5648,16293,94766,32119,64551,37352
2065,14182,78042,13507,57352,35623
6163,35146,18789,35330,44940,79828
8725,35723,18767,25449,43041,22683
5654,61837,46744,10517,72395,34731
7599,50148,25441,18242,21242,91700
3612,69948,27884,36880,40319,47847
6177,53035,50127,28118,39655,94116
7805,65863,32669,80130,86896,60164
5157,24696,99860,21063,14744,90512
9254,94623,61024,35146,91576,11271
4785,85632,48560,46209,10998,36602
9469,95391,94766,37352,97567,21676
9771,14744,76937,82960,97722,48792
7725,12721,36285,50444,42383,61746
8238,27482,96971,55773,88582,36602
4656,42154,78019,98111,14744,27017
7427,52414,35214,60581,31470,16022
4146,80238,13561,33300,71674,23659
9820,10945,88368,24696,82960,87029
3636,10945,88368,24696,82960,87029
2613,79553,83427,94623,70260,76078
3639,98576,58622,35723,88947,92820
8760,33236,22148,83259,19916,79888
3129,81063,59378,48586,64040,40617
2618,48359,12738,15371,63792,50978
2619,38782,58717,96616,68851,89005
3644,81346,34731,97489,67292,17290
3134,26297,30220,75631,72930,61837
6325,42383,50444,98681,67535,74819
5698,42383,50444,18346,73930,70083
1603,52557,52530,54839,12721,42383
1093,83455,40737,48200,69274,12292
5191,31470,85632,87688,61339,39839
7756,31470,40617,21754,87531,36256
8205,77987,69274,83455,43958,13185
4690,49929,67721,15333,81957,53120
1635,35723,58164,92323,87301,98576
2132,81876,45682,95662,17809,46523
6741,89886,17809,65243,57617,47678
7766,98045,64346,78643,76466,75030
1111,50095,33477,17544,92327,52823
1624,11846,98020,71834,52823,34807
8593,46859,19957,88582,37460,66337
8443,68310,83319,85150,33287,81200
9821,47678,19632,74651,81625,13243
1118,28276,91671,13945,53216,44170
1119,60601,76954,80413,66858,69825
9397,40319,27884,34102,36252,74577
4194,23845,99162,84523,36764,66300
2147,56401,37125,14598,83455,85467
1637,56836,94864,91214,86868,30113
1638,17262,53216,52562,34919,49344
2663,59934,49131,37192,61723,30013
3688,98299,72387,56600,44261,98019
3687,94766,16293,88947,36443,32695
3180,77452,50148,44795,92838,33639
4717,74028,62624,84799,31470,31280
5230,33269,27785,16842,67785,87593
4208,47499,33623,18431,74455,16611
9059,52238,64551,89217,94864,19224
5395,35907,44170,85966,56600,79569
7285,98885,89030,79569,50148,15019
6704,82117,80265,49160,82968,18431
2168,65637,46744,91280,40617,97043
6268,69708,85632,80265,87531,45706
4458,36537,82963,26157,97811,16842
3141,65243,88947,58622,70907,27428
4223,44170,79965,52438,98885,83771
1664,87301,77029,74455,98576,35907
3714,37112,81803,53186,75895,98339
4971,68622,66877,37460,76281,60170
4113,79828,84171,81163,66399,11069
1158,29195,18394,70589,70083,82169
7818,50863,96529,95419,91511,14044
8845,20837,83320,70878,27884,73068
4238,19279,46095,64431,38782,85877
3728,98589,82960,22167,29195,70083
8852,49961,74455,58164,46221,35723
3733,32576,93404,98576,50935,61914
9366,70589,24173,88901,69948,12864
5828,70589,29195,90894,21953,48924
4199,79719,45168,49344,78924,70220
3229,44170,47106,37385,99951,91551
9376,58622,73574,53035,16165,63144
8117,71432,65637,82960,35217,77610
1188,45051,84787,50428,61802,69744
7110,27803,21965,74577,18854,22504
1702,64551,31124,32695,20773,96624
1052,18789,62928,54538,31549,32695
4711,85632,11948,25037,93078,53130
5734,41542,18088,26696,89217,94382
7854,89217,56155,92503,46901,52238
4296,98576,35723,58423,41506,12715
2738,85877,55537,57352,13507,78042
1716,83306,20892,18346,70162,88497
5813,82960,38308,50444,42383,98681
8374,64483,18031,76426,24696,10945
5939,21901,34102,29966,95781,20115
5819,79719,91519,33551,27891,57790
2748,86272,25028,17544,82016,36199
4797,31194,98885,36252,97112,77452
1215,29195,85862,32356,95478,91506
4289,98885,94960,37151,71453,89030
9923,81146,97194,81621,98589,58297
4292,96504,23635,54566,29472,99557
2757,97567,44795,78466,66300,29195
7878,53644,83771,16135,28274,66152
4385,79569,56600,81008,51240,38539
3272,45406,99997,85862,37385,47106
1737,80265,64869,26936,79901,40592
8679,81146,73975,97043,71674,66598
5360,42493,33639,87478,83401,66152
7886,18088,70589,21242,83320,16165
6352,83320,39126,80243,74819,25037
8787,45939,61888,85653,42420,44363
7379,50508,35907,12715,61914,69826
2260,36602,96575,38228,12192,83455
5845,57106,65243,36602,96575,22326
8407,18420,94519,93952,99584,89217
7384,50148,60024,12292,92820,84899
3294,44170,48328,85966,75993,97811
1247,14182,56751,67805,46673,20919
9441,17544,50835,40408,43443,60451
6882,10419,27236,55305,61914,20327
3812,52628,36880,50444,42383,25836
3366,92091,97175,68851,19912,20288
1255,14744,88192,68668,80764,52238
1257,25741,17809,93078,69861,81459
2282,24391,38035,31280,47106,37385
6379,32023,87531,45706,19011,10382
8123,74840,98603,22326,70589,85630
5358,82960,17926,58370,24205,27884
5359,20615,27992,99162,15803,69729
3824,24276,85302,25406,90479,58939
2801,99162,28246,13875,53216,32132
3878,89217,55589,56155,49438,52238
1662,64346,10161,81146,82451,35964
9769,18789,82517,52816,26364,87531
5247,45939,41757,15032,99624,66746
3836,39126,80243,52223,34731,26539
4861,66300,81786,80265,45939,20602
3838,15371,38782,62014,58717,60024
9473,84917,69948,17789,12715,75276
4390,73765,24189,54538,19137,18789
8908,89788,61914,73014,21731,81346
7638,33269,95391,46673,76574,21676
4360,34760,91700,47678,99834,95094
3849,50508,19279,87531,60170,38782
6924,95563,36764,22275,26566,52273
6925,13554,35907,77029,73574,57698
9491,18088,50148,79266,79569,95877
3347,82960,91971,54913,46207,35723
7413,13245,25037,82043,83320,62053
2839,61024,49762,74936,91576,27062
6054,64551,94864,85632,89217,34605
6426,14194,22326,36973,38782,48746
7451,85877,70589,74840,63116,35623
1308,55827,18297,44852,48746,82243
3360,11743,41542,81200,55937,56836
2337,84917,64869,21514,33998,19892
9703,45939,80148,66300,84917,79030
6947,89839,65423,77387,45584,68622
3364,93662,47499,29195,40891,77251
4486,88947,80265,37131,14231,79901
1830,50562,30246,15045,74577,40617
1832,96575,36602,70589,67535,13507
3371,82960,87029,97722,51651,52628
8790,38114,39655,64551,75895,27884
7470,65224,68539,35327,91469,94789
8932,79569,53216,98885,19892,91506
1331,14744,98703,90512,27017,50978
4318,13554,88947,36443,18789,73574
9015,33236,82960,74276,67490,72410
4920,49131,37192,81146,58297,64819
4922,98576,58622,88947,38849,35723
9019,85632,27884,46806,46856,66858
6462,94960,71272,31111,36537,29192
1077,46371,36602,96575,51651,79880
5952,82960,27757,69035,76449,59055
2369,44852,15898,29774,52503,39905
9575,33639,74473,32119,50148,48200
8517,12997,87322,85152,86034,49304
1864,64319,52223,80470,12621,56613
6012,62846,82243,44852,15898,35964
7498,72783,30816,29170,84247,40319
5995,82960,35723,12721,44894,62928
2381,19137,81459,94324,94766,25741
9552,89079,28118,28246,87372,66746
9016,95391,64551,16425,94766,86933
4949,30246,52928,29966,89005,75317
6486,83260,77987,69274,73692,41341
8539,21546,87301,92323,50935,35907
5465,12621,38228,82636,58100,25261
8026,21074,51698,74592,29192,31124
3931,29192,94766,60177,16293,76426
9274,51740,98885,86896,68562,97112
9951,63872,57613,43269,23659,20288
6495,27017,49961,73574,82517,90512
6203,93346,57549,17809,73159,69142
8548,36602,96575,27482,67535,10998
2406,16611,45513,80265,76574,21514
2449,35907,98576,50935,77029,58423
8792,33300,71674,90326,81146,64590
4457,99541,73939,24129,64443,29195
1898,50444,42383,36880,82960,86231
1511,50444,42383,62026,52530,82451
2413,81346,75231,23211,91700,20288
5928,74552,75375,27992,26467,52530
7025,34731,61837,69948,23659,36880
1395,52628,58683,17472,83259,98925
4158,63126,68637,78516,72327,53098
9304,22700,18789,35146,89886,64551
2937,47678,94864,85632,69274,82566
7035,98339,45939,80243,39126,85294
3678,37865,20268,78200,60079,77882
6890,76441,30934,56108,82730,55415
5502,32775,47499,69035,27757,27884
1407,62846,17789,69035,65863,75375
8064,22326,51538,95339,97879,40289
8065,62624,25958,25518,16293,73410
1923,75895,61024,79096,93603,98183
8805,52825,27785,67785,70589,21024
3974,80265,45402,83306,37131,26936
3905,18088,55589,45097,79266,74592
5514,99207,38849,88947,48792,74455
6539,21927,81346,58423,25770,34731
2958,18211,57617,14182,65243,78466
5519,51740,98885,82781,87126,53216
1425,82243,18297,80973,69948,97290
6723,69948,77251,56155,33445,92503
9881,87139,78494,87865,36913,26467
8043,47980,99860,18684,27821,31756
3994,31470,82960,60769,95419,30816
5871,35146,51915,12134,26566,83903
9237,15683,75375,58370,87139,61837
1950,80973,16361,48586,69948,84605
1951,72699,80973,84605,97290,82243
2465,87372,82566,28118,89079,92456
7323,91700,93532,62053,79686,81346
2470,56836,94864,49961,78019,54890
5873,19137,81687,73159,17809,57352
8104,31884,91886,92323,87301,37131
6057,82960,75725,58423,95354,95339
7345,92681,22031,45051,27884,75451
9766,38935,66512,75231,74249,57109
9644,67535,98681,96575,36602,52628
1453,10998,72410,18564,44626,83640
9134,47818,53120,51240,21927,25770
2479,29472,71797,21580,98975,61371
5552,72971,91671,44749,78053,79965
7925,82960,59154,24210,72410,95354
4020,93603,66336,35829,29960,73001
7605,74925,98245,66843,83306,29472
6582,75631,23659,32423,14077,60581
9033,38782,97489,67605,96616,94770
1464,10945,88368,24696,82960,87029
5680,16293,94766,76426,10945,46523
7610,80646,46204,98603,90783,46095
6047,45939,49929,74840,35452,61888
8522,74473,74592,50148,38539,95877
6079,46859,29195,48586,83874,64443
7616,33026,16165,20163,21461,53218
8011,89217,43443,67730,76267,30237
9206,12864,34633,76497,58423,44833
3868,70589,24173,12292,12864,13908
5064,98192,69274,43958,13185,33201
6644,66667,73718,34807,66399,18980
7653,28246,62928,76497,87372,24210
7278,78042,13507,98576,96575,36602
9549,38228,81277,25770,41157,28246
5588,68696,47113,75248,30816,29170
7125,47562,38308,31165,81146,20228
3030,82243,69948,68851,14077,82008
7644,66877,69619,65243,58270,36602
9694,70257,34282,69103,97784,99834
7201,10848,15130,40737,97242,15371
3555,80563,93343,21514,36199,50510
4774,65495,49961,94864,58622,92820
2023,29472,31481,42153,98975,17809
6120,32119,73692,69274,64551,61802
6396,58683,61914,35907,77029,42318
3562,29960,13243,74840,56613,46413
6580,47678,34760,81687,81625,19632
1007,77251,92503,69948,33445,81459
6128,62997,47771,20567,20497,28782
9128,83401,98576,37131,37305,35723
8179,69948,24117,30816,77251,40319
3060,63126,30113,91214,89217,94864
8889,89801,19632,73692,33169,19612
6655,61784,82730,11556,30934,76441
