3714
9206
5064
9366
9473
3733
7644
1308
7818
6723
7110
6120
4020
4785
5358
5502
6128
7384
4223
1832
1830
3129
7599
7451
6644
1077
7616
4146
7610
4385
2406
1118
6325
8714
8908
1464
3994
1864
2465
3836
7805
1158
1093
3838
9376
5519
3134
5952
1951
1950
4238
6352
3644
8026
5514
3562
1702
6012
6655
8679
9469
7605
9951
6396
2147
2413
7653
4457
9575
3849
5698
1664
2065
8548
3824
5395
2470
3030
8238
2479
6890
9015
9016
1923
3272
7035
8443
9304
8522
7878
6704
9059
7638
1716
5819
8787
4289
4486
6268
2381
1257
5845
1255
2663
9549
2260
1407
5680
7886
3812
6582
6580
3584
4199
3141
2937
2282
2449
1331
3555
4113
7025
9644
8123
6057
9397
4158
6426
5247
4296
7125
4971
7427
5873
5871
2168
1247
5828
1007
7470
9552
8725
8517
6079
3612
2613
2839
1395
9128
4949
2619
2618
8539
9033
7345
5588
7854
6177
3294
6924
6163
2801
8805
8117
6539
5465
7694
7498
1453
1425
1635
8043
1637
3364
3366
3360
2567
5230
7413
6206
6047
2369
6203
8593
3878
8104
8374
7925
1215
8064
8065
7379
5645
7725
4774
4717
3728
5157
5552
2958
5654
9237
6486
9703
7007
1024
3688
6882
1188
1624
1029
3678
3371
1662
2757
7766
4656
8932
2023
6054
3687
5813
1511
7278
6495
3905
3868
4360
7285
3639
3636
8179
2738
9771
5648
3060
1898
9491
9274
8011
4292
6947
5644
8407
4690
1052
4458
2132
8205
6379
7756
7201
9134
5191
3347
6925
1638
1111
3180
3974
9254
2748
6741
5928
8845
9019
4861
1119
4922
4318
3931
9441
5734
4920
9766
4208
8852
8790
8792
4797
9769
8889
5995
5360
1737
3229
4711
2337
4390
1603
7323
6462
8760
9881
5359
4194
9821
9694
9923
5939
9820
